url_path,views_total,views_unique
/quic/host-signing-tool,18,5
/quic/host-signing-tool/blob/main/signing_tool.py,6,3
/quic/host-signing-tool/tree/main,5,1
/quic/host-signing-tool/blob/main/LICENSE,3,2
/quic/host-signing-tool/blob/main/README.md,3,2
/quic/host-signing-tool/branches,2,1
/quic/host-signing-tool/fork,1,1
/quic/host-signing-tool/pulls,1,1
/quic/host-signing-tool/security,1,1
/quic/host-signing-tool/watchers,1,1
