referrer,views_total,views_unique
Google,118,38
statics.teams.cdn.office.net,106,25
blog.csdn.net,95,4
chatgpt.com,35,1
Bing,32,10
link.csdn.net,31,3
github.com,29,10
docs.qualcomm.com,10,3
github.qualcomm.com,9,3
usc-onenote.officeapps.live.com,9,1
