referrer,views_total,views_unique
github.com,299,78
Google,296,78
statics.teams.cdn.office.net,181,27
Bing,38,8
github.qualcomm.com,26,9
perplexity.ai,17,1
event.on24.com,12,1
huggingface.co,4,3
reddit.com,4,1
s172-30-118-254p8888.lab-aws-production.deeplearning.ai,4,1
