referrer,views_total,views_unique
Google,518,125
github.com,428,120
Bing,277,47
app.aihub.qualcomm.com,222,58
statics.teams.cdn.office.net,140,43
huggingface.co,98,45
reddit.com,44,11
s172-29-4-26p8888.lab-aws-production.deeplearning.ai,40,3
confluence.qualcomm.com,37,8
cn.bing.com,19,7
