url_path,views_total,views_unique
/quic/crustfilt,14,7
/quic/crustfilt/pulls,4,1
/quic/crustfilt/pull/9,3,2
/quic/crustfilt/blob/dev/lquinn/lldb/src/main.rs,2,2
/quic/crustfilt/blob/main/src/main.rs,2,2
/quic/crustfilt/blob/main/test.c,2,2
/quic/crustfilt/tree/dev/lquinn/lldb,2,2
/quic/crustfilt/blob/dev/lquinn/lldb/test.c,2,1
/quic/crustfilt/commit/9fc3c0425290d3f1859ccdf2163c97f7e7339c21,2,1
/quic/crustfilt/new/main,2,1
