referrer,views_total,views_unique
Google,19,16
github.com,4,2
Bing,4,1
Baidu,1,1
