url_path,views_total,views_unique
/quic/startupkits,9,7
/quic/startupkits/tree/main/docs,9,4
/quic/startupkits/blob/main/README.md,8,3
/quic/startupkits/tree/main/docs/BG96,5,2
/quic/startupkits/tree/main/.github,4,2
/quic/startupkits/tree/main/.vscode,4,2
/quic/startupkits/tree/main/docs/EC25,4,1
/quic/startupkits/blob/a76fed43f74158f7928d2e79196b70c39f889c55/docs/data/RG500Q/08_DeviceSetup.md,2,1
/quic/startupkits/blob/main/docs/BG96/index.html,2,1
/quic/startupkits/blob/main/docs/data/EC25/13_EmergencyDownload.md,2,1
