url_path,views_total,views_unique
/quic/crash-plugins,114,42
/quic/crash-plugins/blob/main/USAGE.md,35,6
/quic/crash-plugins/tree/main,17,7
/quic/crash-plugins/blob/main/CMakeLists.txt,17,2
/quic/crash-plugins/blob/main/build.sh,7,3
/quic/crash-plugins/tree/main/watchdog,6,5
/quic/crash-plugins/tree/main/memory,6,1
/quic/crash-plugins/blob/main/doc/image.png,5,4
/quic/crash-plugins/blob/main/watchdog/wdt.cpp,4,4
/quic/crash-plugins/commits/main,4,3
