referrer,views_total,views_unique
github.com,83,6
statics.teams.cdn.office.net,25,5
Google,12,5
