url_path,views_total,views_unique
/quic/quic-teec,29,22
/quic/quic-teec/blob/main/libqcomtee/src/qcomtee_object.c,11,7
/quic/quic-teec/tree/main/libqcomtee,10,8
/quic/quic-teec/blob/main/README.md,6,5
/quic/quic-teec/tree/main/libqcomtee/src,6,4
/quic/quic-teec/tree/main/libqcomtee/src/objects,6,4
/quic/quic-teec/blob/main/libqcomtee/src/objects/mem_obj.c,5,3
/quic/quic-teec/commit/c8c392970162618b10f21f234b676368f661715f,4,4
/quic/quic-teec/pulls,4,3
/quic/quic-teec/pull/15/commits,4,2
