url_path,views_total,views_unique
/quic/sample-apps-for-robotics-platforms,76,55
/quic/sample-apps-for-robotics-platforms/tree/master/RB5,49,28
/quic/sample-apps-for-robotics-platforms/tree/master/RB5/linux_kernel_5_x,37,23
/quic/sample-apps-for-robotics-platforms/tree/master/RB5/linux_kernel_5_x/AI-ML-apps,28,13
/quic/sample-apps-for-robotics-platforms/tree/master/RB5/linux_kernel_4_x,25,13
/quic/sample-apps-for-robotics-platforms/tree/master/RB5/linux_kernel_5_x/GStreamer-apps/cpp,22,11
/quic/sample-apps-for-robotics-platforms/tree/master/RB5/linux_kernel_4_x/GStreamer-apps,19,6
/quic/sample-apps-for-robotics-platforms/tree/master,18,10
/quic/sample-apps-for-robotics-platforms/tree/master/RB5/linux_kernel_4_x/GStreamer-apps/python,18,4
/quic/sample-apps-for-robotics-platforms/blob/master/RB5/linux_kernel_5_x/AI-ML-apps/AI_Tracker_Solution/src/ByteTrackSnpe.cpp,16,1
